52689
52673
52477
52716
52475
52748
52603
19142
19130
52625
20675
52710
27665
52453
52687
48258
35628
45968
52462
52464
42446
42449
52461
19263
52448
52669
19261
52470
52616
33955
45970
52447
52449
52235
52452
52446
52438
42448
52623
19265
43761
52281
32197
31787
531
542
27672
15677
37202
21133
18319
1419
1494
48569
32198
46173
555
35142
32342
1126
1107
46537
54738
528
48885
48255
1638
32354
512
443
18362
15778
55
54923
3141
32412
569
15500
48782
63
15506
34396
1564
2132
553
27718
513
1868
35159
514
37465
2959
2372
36747
5086
37459
1552
42420
40459
48195
15587
1643
33934
2730
48152
57
53
396
27727
2127
1572
43847
37455
48857
47155
15990
58
53013
1573
39786
41754
21248
15753
59
33009
38661
590
3127
15716
27513
1123
1125
34407
527
53010
34534
60
35661
57330
1301
1303
20676
15586
44688
46142
38306
18374
34386
48429
15745
18037
34109
1124
40469
1498
1585
22185
46539
15720
27710
32377
37076
33939
33080
594
52604
44877
54979
33936
46798
46799
1493
1505
52434
37506
44681
40461
36103
32553
35126
64
42109
1600
1510
1444
52913
1898
32452
33442
1408
46225
18335
1899
27731
21151
1515
32398
1648
485
603
48490
48493
42459
52437
17747
34384
19503
1437
1519
46960
2125
18392
18394
53231
27738
1284
53241
32306
32401
40406
54
37097
1299
1604
1670
606
1649
3147

